Número de condição (norma 2): 6.380963e+00
Tempo de execução: 0.000340 segundos

Matriz inversa:
[-3.108271e-01, -1.212388e-01, -1.220697e-01, -5.205842e-02, -5.621302e-02, -3.078182e-02, -1.994209e-02, -1.485585e-02, -8.699484e-03]
[-1.212388e-01, -3.459650e-01, -1.389903e-01, -1.236309e-01, -8.875740e-02, -5.980108e-02, -3.260733e-02, -2.681606e-02, -1.485585e-02]
[-1.220697e-01, -1.389903e-01, -3.492887e-01, -8.460279e-02, -1.360947e-01, -6.332620e-02, -4.716102e-02, -3.260733e-02, -1.994209e-02]
[-5.205842e-02, -1.236309e-01, -8.460279e-02, -3.578623e-01, -1.627219e-01, -1.450963e-01, -6.332620e-02, -5.980108e-02, -3.078182e-02]
[-5.621302e-02, -8.875740e-02, -1.360947e-01, -1.627219e-01, -3.994083e-01, -1.627219e-01, -1.360947e-01, -8.875740e-02, -5.621302e-02]
[-3.078182e-02, -5.980108e-02, -6.332620e-02, -1.450963e-01, -1.627219e-01, -3.578623e-01, -8.460279e-02, -1.236309e-01, -5.205842e-02]
[-1.994209e-02, -3.260733e-02, -4.716102e-02, -6.332620e-02, -1.360947e-01, -8.460279e-02, -3.492887e-01, -1.389903e-01, -1.220697e-01]
[-1.485585e-02, -2.681606e-02, -3.260733e-02, -5.980108e-02, -8.875740e-02, -1.236309e-01, -1.389903e-01, -3.459650e-01, -1.212388e-01]
[-8.699484e-03, -1.485585e-02, -1.994209e-02, -3.078182e-02, -5.621302e-02, -5.205842e-02, -1.220697e-01, -1.212388e-01, -3.108271e-01]
