Raiz: 1.1020653282493214
Erro: 8.571920950828371e-12
Iterações: 4
Tempo: 0.000035
