Raiz: 1.1020653282481154
Erro: 2.431388423929093e-13
Iterações: 7
Tempo: 0.000112
