Raiz: 1.1020653247833252
Erro: 6.991845991066725e-10
Iterações: 23
Tempo: 0.000077
