Raiz: 1.1020652800650763
Erro: 9.720057647655267e-09
Iterações: 11
Tempo: 0.000083
